SFC数量	时间（ms）				成功率			阻塞率		第一次阻塞			总资源			节点资源			链路资源			总能耗			空载能耗			开机能耗		开机时延		关机能耗		关机时延		能源浪费占比
1000		0.812000		    1.0000		    0.0000		   -1		  291.8220		   87.1320		  204.6900		8139.00000		 114.00000		  13.00000      13.000      0.00000       0.000        0.016
2000		0.674000		    1.0000		    0.0000		   -1		  292.7300		   86.7445		  205.9855		16567.00000		   0.00000		   0.00000       0.000      0.00000       0.000        0.000
3000		0.776667		    1.0000		    0.0000		   -1		  293.4277		   86.7863		  206.6413		24996.00000		   0.00000		   0.00000       0.000      0.00000       0.000        0.000
4000		0.907250		    1.0000		    0.0000		   -1		  294.8907		   86.9290		  207.9617		33295.00000		   0.00000		   0.00000       0.000      0.00000       0.000        0.000
5000		0.826800		    1.0000		    0.0000		   -1		  293.7572		   86.7294		  207.0278		41724.00000		   0.00000		   0.00000       0.000      0.00000       0.000        0.000
6000		0.760000		    1.0000		    0.0000		   -1		  294.3260		   86.9907		  207.3353		49967.00000		   0.00000		   0.00000       0.000      0.00000       0.000        0.000
7000		0.764143		    1.0000		    0.0000		   -1		  293.6104		   87.0009		  206.6096		58311.00000		   0.00000		   0.00000       0.000      0.00000       0.000        0.000
8000		0.790125		    1.0000		    0.0000		   -1		  293.7974		   87.0301		  206.7672		66845.00000		   0.00000		   0.00000       0.000      0.00000       0.000        0.000
9000		0.727778		    1.0000		    0.0000		   -1		  293.8857		   87.0579		  206.8278		75154.00000		   0.00000		   0.00000       0.000      0.00000       0.000        0.000
SFC数量	时间（ms）				成功率			阻塞率		第一次阻塞			总资源			节点资源			链路资源			总能耗			空载能耗			开机能耗		开机时延		关机能耗		关机时延		能源浪费占比
2000		1.279000		    1.0000		    0.0000		   -1		  291.2805		   86.7895		  204.4910		16212.00000		 165.00000		  13.00000      13.000      0.00000       0.000        0.011
SFC数量	时间（ms）				成功率			阻塞率		第一次阻塞			总资源			节点资源			链路资源			总能耗			空载能耗			开机能耗		开机时延		关机能耗		关机时延		能源浪费占比
3000		0.817000		    1.0000		    0.0000		   -1		  291.6540		   86.8737		  204.7803		24408.00000		 239.00000		  13.00000      13.000      0.00000       0.000        0.010
SFC数量	时间（ms）				成功率			阻塞率		第一次阻塞			总资源			节点资源			链路资源			总能耗			空载能耗			开机能耗		开机时延		关机能耗		关机时延		能源浪费占比
3000		0.918333		    1.0000		    0.0000		   -1		  291.6540		   86.8737		  204.7803		24408.00000		 239.00000		  13.00000      13.000      0.00000       0.000        0.010
SFC数量	时间（ms）				成功率			阻塞率		第一次阻塞			总资源			节点资源			链路资源			总能耗			空载能耗			开机能耗		开机时延		关机能耗		关机时延		能源浪费占比
3000		0.682000		    1.0000		    0.0000		   -1		  282.4127		   86.3820		  196.0307		25028.00000		 902.00000		  12.00000      12.000     62.00000      62.000        0.039
SFC数量	时间（ms）				成功率			阻塞率		第一次阻塞			总资源			节点资源			链路资源			总能耗			空载能耗			开机能耗		开机时延		关机能耗		关机时延		能源浪费占比
3000		0.656000		    1.0000		    0.0000		   -1		  291.5257		   86.8987		  204.6270		25004.00000		 222.00000		  12.00000      12.000      0.00000       0.000        0.009
SFC数量	时间（ms）				成功率			阻塞率		第一次阻塞			总资源			节点资源			链路资源			总能耗			空载能耗			开机能耗		开机时延		关机能耗		关机时延		能源浪费占比
1000		0.797000		    1.0000		    0.0000		   -1		  292.3970		   87.0290		  205.3680		8352.00000		  75.00000		  12.00000      12.000      0.00000       0.000        0.010
2000		0.690000		    1.0000		    0.0000		   -1		  292.1355		   86.8335		  205.3020		16854.00000		 144.00000		   0.00000       0.000      0.00000       0.000        0.009
3000		0.635333		    1.0000		    0.0000		   -1		  291.5903		   86.9050		  204.6853		25257.00000		 186.00000		   0.00000       0.000      0.00000       0.000        0.007
4000		0.702750		    1.0000		    0.0000		   -1		  291.2693		   87.1920		  204.0773		33747.00000		 232.00000		   0.00000       0.000      0.00000       0.000        0.007
5000		0.709000		    1.0000		    0.0000		   -1		  291.9270		   87.2580		  204.6690		42327.00000		   0.00000		   0.00000       0.000      0.00000       0.000        0.000
6000		0.648333		    1.0000		    0.0000		   -1		  291.8622		   87.0298		  204.8323		50621.00000		   0.00000		   0.00000       0.000      0.00000       0.000        0.000
7000		0.581714		    1.0000		    0.0000		   -1		  290.2026		   86.8719		  203.3307		59135.00000		   0.00000		   0.00000       0.000      0.00000       0.000        0.000
8000		0.553000		    1.0000		    0.0000		   -1		  290.7296		   86.8343		  203.8954		67690.00000		   0.00000		   0.00000       0.000      0.00000       0.000        0.000
9000		0.537333		    1.0000		    0.0000		   -1		  291.7553		   86.9020		  204.8533		75994.00000		   0.00000		   0.00000       0.000      0.00000       0.000        0.000
SFC数量	时间（ms）				成功率			阻塞率		第一次阻塞			总资源			节点资源			链路资源			总能耗			空载能耗			开机能耗		开机时延		关机能耗		关机时延		能源浪费占比
1000		0.702000		    1.0000		    0.0000		   -1		  292.3970		   87.0290		  205.3680		8352.00000		  75.00000		  12.00000      12.000      0.00000       0.000        0.010
2000		0.611500		    1.0000		    0.0000		   -1		  292.1355		   86.8335		  205.3020		16854.00000		 144.00000		   0.00000       0.000      0.00000       0.000        0.009
3000		0.516333		    1.0000		    0.0000		   -1		  291.5903		   86.9050		  204.6853		25257.00000		 186.00000		   0.00000       0.000      0.00000       0.000        0.007
4000		0.537750		    1.0000		    0.0000		   -1		  291.2693		   87.1920		  204.0773		33747.00000		 232.00000		   0.00000       0.000      0.00000       0.000        0.007
5000		0.606200		    1.0000		    0.0000		   -1		  291.9270		   87.2580		  204.6690		42327.00000		   0.00000		   0.00000       0.000      0.00000       0.000        0.000
6000		0.578833		    1.0000		    0.0000		   -1		  291.8622		   87.0298		  204.8323		50621.00000		   0.00000		   0.00000       0.000      0.00000       0.000        0.000
7000		0.620857		    1.0000		    0.0000		   -1		  290.2026		   86.8719		  203.3307		59135.00000		   0.00000		   0.00000       0.000      0.00000       0.000        0.000
8000		0.578875		    1.0000		    0.0000		   -1		  290.7296		   86.8343		  203.8954		67690.00000		   0.00000		   0.00000       0.000      0.00000       0.000        0.000
9000		0.613778		    1.0000		    0.0000		   -1		  291.7553		   86.9020		  204.8533		75994.00000		   0.00000		   0.00000       0.000      0.00000       0.000        0.000
SFC数量	时间（ms）				成功率			阻塞率		第一次阻塞			总资源			节点资源			链路资源			总能耗			空载能耗			开机能耗		开机时延		关机能耗		关机时延		能源浪费占比
1000		1.024000		    0.8750		    0.1250		    7		  222.8674		    8.9314		  213.9360		7586.00000		 303.00000		  15.00000      15.000      0.00000       0.000        0.042
2000		0.785100		    0.8725		    0.1275		   16		  224.9536		    9.0195		  215.9341		14848.00000		 565.00000		   0.00000       0.000      0.00000       0.000        0.038
3000		0.823713		    0.8547		    0.1453		   13		  228.0234		    9.0074		  219.0160		21982.00000		 181.00000		   0.00000       0.000      0.00000       0.000        0.008
4000		0.806762		    0.8577		    0.1423		    6		  226.7986		    9.0119		  217.7867		29550.00000		 218.00000		   1.00000       1.000      0.00000       0.000        0.007
5000		0.929007		    0.8198		    0.1802		    6		  227.8422		    8.9995		  218.8427		35057.00000		  56.00000		   0.00000       0.000      0.00000       0.000        0.002
6000		0.820624		    0.8065		    0.1935		   10		  227.9124		    9.0048		  218.9076		41488.00000		 350.00000		   0.00000       0.000      0.00000       0.000        0.008
7000		0.687807		    0.8131		    0.1869		    4		  229.0434		    9.0025		  220.0409		48798.00000		   0.00000		   1.00000       1.000      0.00000       0.000        0.000
8000		0.706218		    0.8101		    0.1899		   13		  227.2419		    9.0258		  218.2162		55697.00000		   0.00000		   0.00000       0.000      0.00000       0.000        0.000
9000		0.670785		    0.8184		    0.1816		   18		  227.6059		    9.0352		  218.5707		63417.00000		   0.00000		   0.00000       0.000      0.00000       0.000        0.000
SFC数量	时间（ms）				成功率			阻塞率		第一次阻塞			总资源			节点资源			链路资源			总能耗			空载能耗			开机能耗		开机时延		关机能耗		关机时延		能源浪费占比
1000		1.098253		    0.9160		    0.0840		   15		  182.0786		    8.9225		  173.1561		7835.00000		 237.00000		  15.00000      15.000      0.00000       0.000        0.032
2000		0.910521		    0.9220		    0.0780		   16		  180.6312		    9.0174		  171.6139		15893.00000		 450.00000		   1.00000       1.000      0.00000       0.000        0.028
3000		0.743646		    0.9180		    0.0820		   13		  182.3028		    9.0167		  173.2861		23903.00000		 167.00000		   0.00000       0.000      0.00000       0.000        0.007
4000		0.903004		    0.8737		    0.1262		    6		  182.2206		    9.0014		  173.2192		30276.00000		   0.00000		   1.00000       1.000      0.00000       0.000        0.000
5000		0.832475		    0.8930		    0.1070		   22		  182.0081		    9.0000		  173.0081		39000.00000		   0.00000		   0.00000       0.000      0.00000       0.000        0.000
6000		0.860870		    0.8817		    0.1183		   14		  182.0715		    8.9979		  173.0735		46083.00000		   0.00000		   0.00000       0.000      0.00000       0.000        0.000
7000		0.750201		    0.8904		    0.1096		   32		  182.2472		    9.0103		  173.2370		54230.00000		   0.00000		   0.00000       0.000      0.00000       0.000        0.000
8000		0.664210		    0.8819		    0.1181		    9		  182.3318		    9.0370		  173.2948		61591.00000		   0.00000		   0.00000       0.000      0.00000       0.000        0.000
9000		0.712074		    0.8826		    0.1174		   19		  182.5731		    9.0229		  173.5502		69465.00000		   0.00000		   0.00000       0.000      0.00000       0.000        0.000
SFC数量	时间（ms）				成功率			阻塞率		第一次阻塞			总资源			节点资源			链路资源			总能耗			空载能耗			开机能耗		开机时延		关机能耗		关机时延		能源浪费占比
1000		0.878000		    1.0000		    0.0000		   -1		  167.5210		    8.9480		  158.5730		8342.00000		  58.00000		  14.00000      14.000      0.00000       0.000        0.009
2000		0.732000		    1.0000		    0.0000		   -1		  167.6670		    9.0125		  158.6545		16870.00000		 101.00000		   2.00000       2.000      0.00000       0.000        0.006
3000		0.580000		    1.0000		    0.0000		   -1		  167.1437		    9.0133		  158.1303		25356.00000		 157.00000		   0.00000       0.000      0.00000       0.000        0.006
4000		0.630000		    1.0000		    0.0000		   -1		  167.3430		    9.0055		  158.3375		33909.00000		 189.00000		   0.00000       0.000      0.00000       0.000        0.006
5000		0.684600		    1.0000		    0.0000		   -1		  167.2350		    8.9928		  158.2422		42566.00000		   0.00000		   0.00000       0.000      0.00000       0.000        0.000
6000		0.647667		    1.0000		    0.0000		   -1		  167.4643		    8.9913		  158.4730		51001.00000		   0.00000		   0.00000       0.000      0.00000       0.000        0.000
7000		0.598000		    1.0000		    0.0000		   -1		  167.1539		    9.0089		  158.1450		59467.00000		   0.00000		   0.00000       0.000      0.00000       0.000        0.000
8000		0.601625		    1.0000		    0.0000		   -1		  167.5612		    9.0301		  158.5311		68057.00000		   0.00000		   0.00000       0.000      0.00000       0.000        0.000
9000		0.593444		    1.0000		    0.0000		   -1		  167.7642		    9.0227		  158.7416		76467.00000		   0.00000		   0.00000       0.000      0.00000       0.000        0.000
SFC数量	时间（ms）				成功率			阻塞率		第一次阻塞			总资源			节点资源			链路资源			总能耗			空载能耗			开机能耗		开机时延		关机能耗		关机时延		能源浪费占比
1000		0.765000		    1.0000		    0.0000		   -1		  167.5810		    8.9480		  158.6330		8338.00000		  58.00000		  14.00000      14.000      0.00000       0.000        0.009
2000		0.928500		    1.0000		    0.0000		   -1		  167.6785		    9.0125		  158.6660		16864.00000		 102.00000		   2.00000       2.000      0.00000       0.000        0.006
3000		0.567333		    1.0000		    0.0000		   -1		  167.1720		    9.0133		  158.1587		25366.00000		 157.00000		   0.00000       0.000      0.00000       0.000        0.006
4000		0.701750		    1.0000		    0.0000		   -1		  167.3610		    9.0055		  158.3555		33909.00000		 189.00000		   0.00000       0.000      0.00000       0.000        0.006
5000		0.702800		    1.0000		    0.0000		   -1		  167.2532		    8.9928		  158.2604		42566.00000		   0.00000		   0.00000       0.000      0.00000       0.000        0.000
6000		0.716333		    1.0000		    0.0000		   -1		  167.4663		    8.9913		  158.4750		50996.00000		   0.00000		   0.00000       0.000      0.00000       0.000        0.000
7000		0.583714		    1.0000		    0.0000		   -1		  167.1639		    9.0089		  158.1550		59472.00000		   0.00000		   0.00000       0.000      0.00000       0.000        0.000
8000		0.680500		    1.0000		    0.0000		   -1		  167.5670		    9.0301		  158.5369		68058.00000		   0.00000		   0.00000       0.000      0.00000       0.000        0.000
9000		0.627444		    1.0000		    0.0000		   -1		  167.7881		    9.0227		  158.7654		76473.00000		   0.00000		   0.00000       0.000      0.00000       0.000        0.000
SFC数量	时间（ms）				成功率			阻塞率		第一次阻塞			总资源			节点资源			链路资源			总能耗			空载能耗			开机能耗		开机时延		关机能耗		关机时延		能源浪费占比
1000		0.950000		    1.0000		    0.0000		   -1		  169.1980		    8.8820		  160.3160		8331.00000		 113.00000		  13.00000      13.000      0.00000       0.000        0.015
2000		0.663000		    1.0000		    0.0000		   -1		  169.3775		    9.0330		  160.3445		16798.00000		  88.00000		   1.00000       1.000      0.00000       0.000        0.005
3000		0.635333		    1.0000		    0.0000		   -1		  168.4950		    9.0157		  159.4793		25338.00000		 174.00000		   0.00000       0.000      0.00000       0.000        0.007
4000		0.694750		    1.0000		    0.0000		   -1		  168.4037		    8.9970		  159.4068		33820.00000		   0.00000		   0.00000       0.000      0.00000       0.000        0.000
5000		0.706000		    1.0000		    0.0000		   -1		  168.0508		    8.9836		  159.0672		42301.00000		   0.00000		   0.00000       0.000      0.00000       0.000        0.000
6000		0.739500		    1.0000		    0.0000		   -1		  168.7837		    8.9805		  159.8032		50690.00000		   0.00000		   1.00000       1.000      0.00000       0.000        0.000
7000		0.681571		    1.0000		    0.0000		   -1		  168.5087		    8.9869		  159.5219		59199.00000		   0.00000		   0.00000       0.000      0.00000       0.000        0.000
8000		0.625750		    1.0000		    0.0000		   -1		  168.4230		    8.9889		  159.4341		67639.00000		   0.00000		   0.00000       0.000      0.00000       0.000        0.000
9000		0.640667		    1.0000		    0.0000		   -1		  168.6940		    9.0113		  159.6827		76019.00000		   0.00000		   0.00000       0.000      0.00000       0.000        0.000
SFC数量	时间（ms）				成功率			阻塞率		第一次阻塞			总资源			节点资源			链路资源			总能耗			空载能耗			开机能耗		开机时延		关机能耗		关机时延		能源浪费占比
2000		0.938500		    1.0000		    0.0000		   -1		  169.5020		    8.9595		  160.5425		33282.00000		 202.00000		  70.00000      14.000      0.00000       0.000        0.008
3000		0.821667		    1.0000		    0.0000		   -1		  169.0000		    8.9827		  160.0173		49907.00000		 323.00000		  70.00000      14.000      0.00000       0.000        0.008
4000		0.743000		    1.0000		    0.0000		   -1		  168.8850		    8.9910		  159.8940		66479.00000		 423.00000		  70.00000      14.000      0.00000       0.000        0.007
5000		0.707000		    1.0000		    0.0000		   -1		  168.8310		    8.9970		  159.8340		83067.00000		 543.00000		  70.00000      14.000      0.00000       0.000        0.007
6000		0.683000		    1.0000		    0.0000		   -1		  168.7872		    8.9992		  159.7880		99596.00000		 644.00000		  70.00000      14.000      0.00000       0.000        0.007
7000		0.682286		    1.0000		    0.0000		   -1		  168.7389		    9.0017		  159.7371		116169.00000		 742.00000		  75.00000      15.000      0.00000       0.000        0.007
8000		0.712500		    1.0000		    0.0000		   -1		  168.6390		    8.9969		  159.6421		132697.00000		 856.00000		  75.00000      15.000      0.00000       0.000        0.007
9000		0.700222		    1.0000		    0.0000		   -1		  168.5753		    9.0020		  159.5733		149337.00000		1004.00000		  75.00000      15.000      0.00000       0.000        0.007
